Vertex Count: 87

Data:

7.33427 0.021714 1.2193 1 -1 -0 -0 1
-1.69262 0.021714 1.2193 1 -0 -0 -0 1
-1.69262 -0.021714 1.2193 0 -0 -0 -0 1
7.33427 0 1.24102 1 -1 0 -1 0
-1.69262 -0 1.24102 1 -0 0 -1 0
-1.69262 -0 1.19759 0 -0 0 -1 0
-0.615489 -0.59726 -0 0.8004 -0.0585 -0.175 -0.9846 0
-0.615489 -0.59726 -0.074107 0.8021 -0.0394 -0.175 -0.9846 0
-0.57345 -0.604731 -0.051757 0.7923 -0.0452 -0.175 -0.9846 0
-0.538112 -0.611011 -0 0.7831 -0.0585 -0.175 -0.9846 0
-0.57345 -0.604731 0.051757 0.7923 -0.0718 -0.175 -0.9846 0
-0.615489 -0.59726 0.074107 0.8021 -0.0775 -0.175 -0.9846 0
-0.909394 -0.466111 -0 0.9448 -0.3334 0.175 0.9846 -0
-0.909394 -0.466111 0.046909 0.9329 -0.3334 0.175 0.9846 -0
-0.882615 -0.47087 0.074107 0.926 -0.3392 0.175 0.9846 -0
-0.601893 -0.520758 -0.074107 0.9636 -0.3996 0.175 0.9846 -0
-0.882615 -0.47087 -0.074107 0.9636 -0.3392 0.175 0.9846 -0
-0.909394 -0.466111 -0.046909 0.9567 -0.3334 0.175 0.9846 -0
-0.615489 -0.59726 -0 0.8004 -0.0585 -0.175 -0.9846 0
-0.615489 -0.59726 0.074107 0.8021 -0.0775 -0.175 -0.9846 0
-0.89621 -0.547372 0.074107 0.8633 -0.0775 -0.175 -0.9846 0
-0.89621 -0.547372 -0 0.8632 -0.0585 -0.175 -0.9846 0
-0.89621 -0.547372 -0.074107 0.8633 -0.0394 -0.175 -0.9846 0
-0.615489 -0.59726 -0.074107 0.8021 -0.0394 -0.175 -0.9846 0
-0.89621 -0.547372 -0 0.8632 -0.0585 -0.175 -0.9846 0
-0.89621 -0.547372 0.074107 0.8633 -0.0775 -0.175 -0.9846 0
-0.922989 -0.542613 0.046909 0.8691 -0.0705 -0.175 -0.9846 0
-0.922989 -0.542613 -0 0.8691 -0.0585 -0.175 -0.9846 0
-0.922989 -0.542613 -0.046909 0.8691 -0.0464 -0.175 -0.9846 0
-0.89621 -0.547372 -0.074107 0.8633 -0.0394 -0.175 -0.9846 0
-0.615351 -0.51828 -0.03965 0.3513 -0.1252 0.2044 -0.6853 -0.699
-0.869582 -0.47321 -0.039214 0.2704 -0.1252 -0.6796 -0.4331 -0.5921
-0.59369 0.394737 -0.039346 0.2704 -0.2941 -0.6174 0.1958 -0.7619
-0.869582 -0.47321 -0.039214 0.2704 -0.1252 -0.6796 -0.4331 -0.5921
-0.872491 -0.472732 0.000716 0.2541 -0.1252 -0.8676 -0.4971 0.0032
-0.597147 0.394831 0.000899 0.2541 -0.2941 -0.9531 0.3027 0.005
-0.338494 0.348482 -0.040223 0.3513 -0.2941 0.4584 -0.1469 -0.8765
-0.309579 0.343394 -0.000543 0.3722 -0.2941 0.9524 -0.3048 -0.005
-0.586998 -0.523343 -0.000716 0.3723 -0.1252 0.6396 -0.7686 -0.0043
-0.57345 -0.604731 -0.051757 0.9726 -0.3494 0.3763 -0.7342 -0.565
-0.559855 -0.528229 -0.051757 0.9946 -0.3494 0.6062 0.5596 -0.565
-0.524517 -0.53451 -0 0.9946 -0.3317 0.8934 0.4491 -0
-0.922989 -0.542613 -0 0.9726 -0.4583 -0.8199 -0.5725 -0
-0.909394 -0.466111 -0 0.9946 -0.4583 -0.5725 0.8199 -0
-0.909394 -0.466111 -0.046909 0.9946 -0.445 -0.5959 0.746 -0.2971
-0.89621 -0.547372 -0.074107 0.9726 -0.4308 -0.4028 -0.5685 -0.7173
-0.882615 -0.47087 -0.074107 0.9946 -0.4308 -0.1822 0.6725 -0.7173
-0.601893 -0.520758 -0.074107 0.9946 -0.3635 0.2922 0.6155 -0.732
-0.869206 -0.473352 0.040614 0.4752 -0.1252 -0.674 -0.4351 0.5969
-0.872491 -0.472732 0.000716 0.4752 -0.1135 -0.8676 -0.4971 0.0032
-0.586998 -0.523343 -0.000716 0.3958 -0.1135 0.6396 -0.7686 -0.0043
-0.338119 0.348341 0.039425 0.3958 -0.2941 0.4667 -0.1498 0.8716
-0.614984 -0.518418 0.038502 0.3958 -0.1252 0.211 -0.6877 0.6946
-0.586998 -0.523343 -0.000716 0.3723 -0.1252 0.6396 -0.7686 -0.0043
-0.869206 -0.473352 0.040614 0.4752 -0.1252 -0.674 -0.4351 0.5969
-0.593312 0.394594 0.04111 0.4752 -0.2941 -0.6102 0.1932 0.7683
-0.597147 0.394831 0.000899 0.4976 -0.2941 -0.9531 0.3027 0.005
-0.614984 -0.518418 0.038502 0.3958 -0.1252 0.211 -0.6877 0.6946
-0.338119 0.348341 0.039425 0.3958 -0.2941 0.4667 -0.1498 0.8716
-0.593312 0.394594 0.04111 0.4752 -0.2941 -0.6102 0.1932 0.7683
-0.601893 -0.520758 0.074107 0.9946 -0.553 0.2922 0.6155 0.732
-0.882615 -0.47087 0.074107 0.9946 -0.4857 -0.1822 0.6725 0.7173
-0.89621 -0.547372 0.074107 0.9726 -0.4857 -0.4028 -0.5685 0.7173
-0.922989 -0.542613 -0 0.9726 -0.4583 -0.8199 -0.5725 -0
-0.922989 -0.542613 0.046909 0.9726 -0.4715 -0.8165 -0.495 0.2971
-0.909394 -0.466111 0.046909 0.9946 -0.4715 -0.5959 0.746 0.2971
-0.57345 -0.604731 0.051757 0.9726 -0.5671 0.3763 -0.7342 0.565
-0.538112 -0.611011 -0 0.9726 -0.5848 0.684 -0.7295 -0
-0.524517 -0.53451 -0 0.9946 -0.5848 0.8934 0.4491 -0
-0.586998 -0.523343 -0.000716 0.3513 -0.1134 0.6396 -0.7686 -0.0043
-0.872491 -0.472732 0.000716 0.2704 -0.1136 -0.8676 -0.4971 0.0032
-0.869582 -0.47321 -0.039214 0.2704 -0.1252 -0.6796 -0.4331 -0.5921
-0.57345 -0.604731 -0.051757 0.9726 -0.3494 0.3763 -0.7342 -0.565
-0.615489 -0.59726 -0.074107 0.9726 -0.3635 0.0622 -0.6785 -0.732
-0.601893 -0.520758 -0.074107 0.9946 -0.3635 0.2922 0.6155 -0.732
-0.89621 -0.547372 -0.074107 0.9726 -0.4308 -0.4028 -0.5685 -0.7173
-0.922989 -0.542613 -0.046909 0.9726 -0.445 -0.8165 -0.495 -0.2971
-0.909394 -0.466111 -0.046909 0.9946 -0.445 -0.5959 0.746 -0.2971
-0.882615 -0.47087 0.074107 0.9946 -0.4857 -0.1822 0.6725 0.7173
-0.909394 -0.466111 0.046909 0.9946 -0.4715 -0.5959 0.746 0.2971
-0.922989 -0.542613 0.046909 0.9726 -0.4715 -0.8165 -0.495 0.2971
-0.559855 -0.528229 0.051757 0.9946 -0.5671 0.6062 0.5596 0.565
-0.601893 -0.520758 0.074107 0.9946 -0.553 0.2922 0.6155 0.732
-0.615489 -0.59726 0.074107 0.9726 -0.553 0.0622 -0.6785 0.732
